Generation 0
00000000000
00000000000
00000000000
00000000000
00000000000
00001110000
00001010000
00001110000
00001110000
00001110000
00001110000
00001010000
00001110000
00000000000
00000000000
00000000000
00000000000
00000000000
Generation 1
00000000000
00000000000
00000000000
00000000000
00000100000
00001010000
00010001000
00010001000
00010001000
00010001000
00010001000
00010001000
00001010000
00000100000
00000000000
00000000000
00000000000
00000000000
Generation 2
00000000000
00000000000
00000000000
00000000000
00000100000
00001110000
00011011000
00111011100
00111011100
00111011100
00111011100
00011011000
00001110000
00000100000
00000000000
00000000000
00000000000
00000000000
Generation 3
00000000000
00000000000
00000000000
00000000000
00001110000
00010001000
00100000100
00000000000
01000000010
01000000010
00000000000
00100000100
00010001000
00001110000
00000000000
00000000000
00000000000
00000000000
Generation 4
00000000000
00000000000
00000000000
00000100000
00001110000
00011111000
00000000000
00000000000
00000000000
00000000000
00000000000
00000000000
00011111000
00001110000
00000100000
00000000000
00000000000
00000000000
Generation 5
00000000000
00000000000
00000000000
00001110000
00010001000
00010001000
00001110000
00000000000
00000000000
00000000000
00000000000
00001110000
00010001000
00010001000
00001110000
00000000000
00000000000
00000000000
Generation 6
00000000000
00000000000
00000100000
00001110000
00010101000
00010101000
00001110000
00000100000
00000000000
00000000000
00000100000
00001110000
00010101000
00010101000
00001110000
00000100000
00000000000
00000000000
Generation 7
00000000000
00000000000
00001110000
00000000000
00010001000
00010001000
00000000000
00001110000
00000000000
00000000000
00001110000
00000000000
00010001000
00010001000
00000000000
00001110000
00000000000
00000000000
Generation 8
00000000000
00000100000
00000100000
00001110000
00000000000
00000000000
00001110000
00000100000
00000100000
00000100000
00000100000
00001110000
00000000000
00000000000
00001110000
00000100000
00000100000
00000000000
Generation 9
00000000000
00000000000
00000000000
00001110000
00000100000
00000100000
00001110000
00000000000
00001110000
00001110000
00000000000
00001110000
00000100000
00000100000
00001110000
00000000000
00000000000
00000000000
Generation 10
00000000000
00000000000
00000100000
00001110000
00000000000
00000000000
00001110000
00000000000
00001010000
00001010000
00000000000
00001110000
00000000000
00000000000
00001110000
00000100000
00000000000
00000000000
Generation 11
00000000000
00000000000
00001110000
00001110000
00000100000
00000100000
00000100000
00001010000
00000000000
00000000000
00001010000
00000100000
00000100000
00000100000
00001110000
00001110000
00000000000
00000000000
Generation 12
00000000000
00000100000
00001010000
00000000000
00000000000
00001110000
00001110000
00000100000
00000000000
00000000000
00000100000
00001110000
00001110000
00000000000
00000000000
00001010000
00000100000
00000000000
Generation 13
00000000000
00000100000
00000100000
00000000000
00000100000
00001010000
00000000000
00001110000
00000000000
00000000000
00001110000
00000000000
00001010000
00000100000
00000000000
00000100000
00000100000
00000000000
Generation 14
00000000000
00000000000
00000000000
00000000000
00000100000
00000100000
00001010000
00000100000
00000100000
00000100000
00000100000
00001010000
00000100000
00000100000
00000000000
00000000000
00000000000
00000000000
Generation 15
00000000000
00000000000
00000000000
00000000000
00000000000
00001110000
00001010000
00001110000
00001110000
00001110000
00001110000
00001010000
00001110000
00000000000
00000000000
00000000000
00000000000
00000000000
